Mode: AODV  DataSet:  
1135560
1079850
1090233
85762
92507
17577
12773
8810
4633
7820
3742
3742
7430
4595
5592
4816
6927
7668
20971
14897
8797
9131
5057
4556
3742
4504
3742
3742
4465
3742
3740
3741
3741
3741
3741
3741
3741
3741
4504
3741
3741
3741
3741
3741
3741
3741
3741
5669
3741
4439
3741
3741
4686
3741
3740
3741
3741
3741
3741
3741
3741
3741
4751
3741
3741
3741
3741
3741
3741
3741
3741
3741
3741
3741
4595
4647
3741
3741
3741
3740
3741
3741
3741
3741
3741
3741
3741
4815
3741
4660
3741
3740
4660
4478
3741
4777
3741
3741
3741
3741
3741
3741
3741
3741
3741
3741
3741
3741
3741
3741
3741
3741
3741
3741
3741
31196
27032
29203
27543
29544
29750
24305
20183
17040
12170
5630
3741
3740
9924
7526
3741
4712
3741
4751
7693
3741
4582
3741
4517
3741
3740
5474
31814
24981
21748
15742
9593
5507
4699
3741
5994
4790
65618
64831
76732
78632
75245
69265
74237
