Mode: YANGS-SDN  DataSet:  
2874
3293
2874
2875
2874
2874
2875
2875
2874
2874
2874
3292
3292
3293
3293
3294
2874
2875
2874
2875
2875
2875
2875
2875
2875
2875
2875
3294
3294
2876
3294
2875
2875
2875
2875
2875
2875
2875
2875
2875
2875
2875
2875
2875
3293
3293
3293
3711
3711
3711
3711
3711
3712
3712
3712
2875
2875
3293
2875
2875
2875
2875
2875
2875
2875
3294
3294
2875
2875
2875
2875
2875
2875
2875
2875
2875
2875
2875
2875
3293
3293
3293
3293
3293
3293
2875
2875
2875
2875
2875
2875
2875
3293
3293
3293
3294
3294
3294
2875
2875
2875
2875
2875
2875
2875
3293
2875
2875
2875
2875
2875
2875
2875
2875
2875
2875
2875
2875
2875
2875
2875
2875
2875
2875
2875
2875
2875
2875
2875
2875
